#1
1733062735,597600354,541351926,100000184701303,100001502586840

#2
100000910269503,1662410682,100000853119608

#3
100001574945332,1197894644,722182618,100000261993938

#4
1197894644,1660065721

#5
1401705828,100000087830967,100000337629968,1759436944

#6
100000211983204,100000239377385,726770705,100003567306721

#7
100000496758301,827008289,597600354

#8
100000418343412,100000525103083,100001131558881,1809925606,1134568005

#9
100001122612336,1662410682,100001143398866,597600354,1721692842

#10
1428350924,100001606284782,100000978363217

#11
100001512263103,522647441,1662410682

#12
1056865120,1832512304,553595095

#13
1759436944,1009253472,100000101836083,1462153604

#14
1662410682,100000019696880,100000067690477,27316742

#15
1809925606,100003008265694,597600354,100001502586840

#16
100002889110445,1662410682,100004899184744,597600354

#17
1434522804,740848381,597600354

#18
1241743294,1565041324,100001587198089,1759436944

#19
100000101836083,1662410682,597600354

#20
597600354,100000197845300,100002080930865,662506290